LECROYWM808Zi-A 0 Histogram
Segments 1 SegmentSize 200
Segment TrigTime TimeSinceSegment1
#1 17-Aug-2023 13:05:28 0                 
Time Ampl
-3.18e-012 0
-3.155e-012 0
-3.13e-012 0
-3.105e-012 0
-3.08e-012 0
-3.055e-012 0
-3.03e-012 0
-3.005e-012 0
-2.98e-012 0
-2.955e-012 0
-2.93e-012 0
-2.905e-012 0
-2.88e-012 0
-2.855e-012 0
-2.83e-012 0
-2.805e-012 0
-2.78e-012 0
-2.755e-012 0
-2.73e-012 0
-2.705e-012 0
-2.68e-012 0
-2.655e-012 0
-2.63e-012 0
-2.605e-012 0
-2.58e-012 0
-2.555e-012 0
-2.53e-012 0
-2.505e-012 0
-2.48e-012 0
-2.455e-012 0
-2.43e-012 0
-2.405e-012 0
-2.38e-012 0
-2.355e-012 0
-2.33e-012 0
-2.305e-012 0
-2.28e-012 0
-2.255e-012 0
-2.23e-012 0
-2.205e-012 0
-2.18e-012 0
-2.155e-012 0
-2.13e-012 0
-2.105e-012 0
-2.08e-012 0
-2.055e-012 1
-2.03e-012 2
-2.005e-012 2
-1.98e-012 2
-1.955e-012 2
-1.93e-012 3
-1.905e-012 2
-1.88e-012 4
-1.855e-012 3
-1.83e-012 8
-1.805e-012 5
-1.78e-012 11
-1.755e-012 13
-1.73e-012 12
-1.705e-012 26
-1.68e-012 23
-1.655e-012 31
-1.63e-012 43
-1.605e-012 46
-1.58e-012 48
-1.555e-012 63
-1.53e-012 78
-1.505e-012 83
-1.48e-012 117
-1.455e-012 104
-1.43e-012 122
-1.405e-012 170
-1.38e-012 173
-1.355e-012 206
-1.33e-012 254
-1.305e-012 239
-1.28e-012 302
-1.255e-012 310
-1.23e-012 342
-1.205e-012 389
-1.18e-012 433
-1.155e-012 484
-1.13e-012 525
-1.105e-012 521
-1.08e-012 610
-1.055e-012 635
-1.03e-012 670
-1.005e-012 731
-9.8e-013 762
-9.55e-013 780
-9.3e-013 779
-9.05e-013 844
-8.8e-013 873
-8.55e-013 867
-8.3e-013 929
-8.05e-013 897
-7.8e-013 944
-7.55e-013 919
-7.3e-013 890
-7.05e-013 940
-6.8e-013 873
-6.55e-013 857
-6.3e-013 817
-6.05e-013 818
-5.8e-013 805
-5.55e-013 752
-5.3e-013 721
-5.05e-013 703
-4.8e-013 685
-4.55e-013 634
-4.3e-013 564
-4.05e-013 514
-3.8e-013 523
-3.55e-013 533
-3.3e-013 455
-3.05e-013 395
-2.8e-013 382
-2.55e-013 341
-2.3e-013 308
-2.05e-013 260
-1.8e-013 238
-1.55e-013 241
-1.3e-013 159
-1.05e-013 176
-8e-014 139
-5.5e-014 126
-3e-014 97
-5e-015 91
2e-014 93
4.5e-014 78
7e-014 61
9.5e-014 47
1.2e-013 43
1.45e-013 35
1.7e-013 32
1.95e-013 33
2.2e-013 15
2.45e-013 17
2.7e-013 16
2.95e-013 11
3.2e-013 7
3.45e-013 7
3.7e-013 5
3.95e-013 5
4.2e-013 6
4.45e-013 3
4.7e-013 3
4.95e-013 4
5.2e-013 0
5.45e-013 2
5.7e-013 0
5.95e-013 1
6.2e-013 1
6.45e-013 0
6.7e-013 0
6.95e-013 0
7.2e-013 0
7.45e-013 1
7.7e-013 0
7.95e-013 0
8.2e-013 1
8.45e-013 0
8.7e-013 0
8.95e-013 0
9.2e-013 0
9.45e-013 0
9.7e-013 0
9.95e-013 0
1.02e-012 0
1.045e-012 0
1.07e-012 0
1.095e-012 0
1.12e-012 0
1.145e-012 0
1.17e-012 0
1.195e-012 0
1.22e-012 0
1.245e-012 0
1.27e-012 0
1.295e-012 0
1.32e-012 0
1.345e-012 0
1.37e-012 0
1.395e-012 0
1.42e-012 0
1.445e-012 0
1.47e-012 0
1.495e-012 0
1.52e-012 0
1.545e-012 0
1.57e-012 0
1.595e-012 0
1.62e-012 0
1.645e-012 0
1.67e-012 0
1.695e-012 0
1.72e-012 0
1.745e-012 0
1.77e-012 0
1.795e-012 0
