LECROYWM808Zi-A 0 Histogram
Segments 1 SegmentSize 200
Segment TrigTime TimeSinceSegment1
#1 17-Aug-2023 13:48:54 0                 
Time Ampl
-2.66e-012 0
-2.635e-012 0
-2.61e-012 0
-2.585e-012 0
-2.56e-012 0
-2.535e-012 0
-2.51e-012 0
-2.485e-012 0
-2.46e-012 0
-2.435e-012 0
-2.41e-012 0
-2.385e-012 0
-2.36e-012 0
-2.335e-012 0
-2.31e-012 0
-2.285e-012 0
-2.26e-012 0
-2.235e-012 0
-2.21e-012 0
-2.185e-012 0
-2.16e-012 0
-2.135e-012 0
-2.11e-012 0
-2.085e-012 0
-2.06e-012 0
-2.035e-012 0
-2.01e-012 0
-1.985e-012 0
-1.96e-012 0
-1.935e-012 0
-1.91e-012 0
-1.885e-012 0
-1.86e-012 0
-1.835e-012 0
-1.81e-012 0
-1.785e-012 0
-1.76e-012 0
-1.735e-012 0
-1.71e-012 0
-1.685e-012 0
-1.66e-012 0
-1.635e-012 0
-1.61e-012 0
-1.585e-012 0
-1.56e-012 0
-1.535e-012 0
-1.51e-012 0
-1.485e-012 0
-1.46e-012 0
-1.435e-012 2
-1.41e-012 0
-1.385e-012 1
-1.36e-012 0
-1.335e-012 0
-1.31e-012 1
-1.285e-012 0
-1.26e-012 1
-1.235e-012 3
-1.21e-012 1
-1.185e-012 4
-1.16e-012 3
-1.135e-012 5
-1.11e-012 9
-1.085e-012 5
-1.06e-012 6
-1.035e-012 10
-1.01e-012 11
-9.85e-013 20
-9.6e-013 26
-9.35e-013 27
-9.1e-013 40
-8.85e-013 54
-8.6e-013 57
-8.35e-013 71
-8.1e-013 68
-7.85e-013 77
-7.6e-013 81
-7.35e-013 125
-7.1e-013 128
-6.85e-013 133
-6.6e-013 173
-6.35e-013 230
-6.1e-013 216
-5.85e-013 275
-5.6e-013 263
-5.35e-013 300
-5.1e-013 328
-4.85e-013 377
-4.6e-013 358
-4.35e-013 426
-4.1e-013 456
-3.85e-013 468
-3.6e-013 476
-3.35e-013 530
-3.1e-013 526
-2.85e-013 551
-2.6e-013 576
-2.35e-013 612
-2.1e-013 607
-1.85e-013 646
-1.6e-013 672
-1.35e-013 701
-1.1e-013 654
-8.5e-014 704
-6e-014 653
-3.5e-014 662
-1e-014 689
1.5e-014 653
4e-014 620
6.5e-014 623
9e-014 652
1.15e-013 613
1.4e-013 555
1.65e-013 610
1.9e-013 529
2.15e-013 489
2.4e-013 505
2.65e-013 441
2.9e-013 453
3.15e-013 431
3.4e-013 396
3.65e-013 342
3.9e-013 322
4.15e-013 303
4.4e-013 298
4.65e-013 247
4.9e-013 223
5.15e-013 212
5.4e-013 147
5.65e-013 149
5.9e-013 155
6.15e-013 101
6.4e-013 131
6.65e-013 78
6.9e-013 92
7.15e-013 65
7.4e-013 53
7.65e-013 62
7.9e-013 42
8.15e-013 43
8.4e-013 28
8.65e-013 21
8.9e-013 25
9.15e-013 12
9.4e-013 9
9.65e-013 9
9.9e-013 4
1.015e-012 11
1.04e-012 3
1.065e-012 6
1.09e-012 5
1.115e-012 3
1.14e-012 1
1.165e-012 1
1.19e-012 1
1.215e-012 1
1.24e-012 0
1.265e-012 0
1.29e-012 1
1.315e-012 2
1.34e-012 0
1.365e-012 0
1.39e-012 0
1.415e-012 0
1.44e-012 0
1.465e-012 0
1.49e-012 0
1.515e-012 0
1.54e-012 0
1.565e-012 0
1.59e-012 0
1.615e-012 0
1.64e-012 0
1.665e-012 0
1.69e-012 0
1.715e-012 0
1.74e-012 0
1.765e-012 0
1.79e-012 0
1.815e-012 0
1.84e-012 0
1.865e-012 0
1.89e-012 0
1.915e-012 0
1.94e-012 0
1.965e-012 0
1.99e-012 0
2.015e-012 0
2.04e-012 0
2.065e-012 0
2.09e-012 0
2.115e-012 0
2.14e-012 0
2.165e-012 0
2.19e-012 0
2.215e-012 0
2.24e-012 0
2.265e-012 0
2.29e-012 0
2.315e-012 0
